681025516
681025560
681025599
681025646
681025685
681025701
681025746
681025791
681025838
681025873
681025910
681025949
681025963
681025995
681026060
681026071
681026108
681026146
681026183
681026275
681026282
681026298
681026316
681026324
681026331
681026342
681026353
681026381
681026389
681026413
681026438
681026450
681026474
681026486
681026542
681026595
681026647
681026681
681026745
681026806
681026824
681026877
681026884
681026902
681026920
681026970
681027018
681027033
681027080
681027095
681027110
681027160
681027207
681027223
681027237
681027251
681027268
681027285
681027343
681027369
681027428
681027480
681027497
681027517
681027542
681027558
681027604
681027619
681027636
681027653
681027670
681027791
681027807
681027819
681027853
681027867
681027882
681027898
681027918
681027943
681027957
681027974
681027994
681028012
681028043
681028056
681028076
681028131
681028140
681028171
681028237
681028253
681028270
681028286
681028304
681028321
681028429
681028478
681028492
681028508
681028525
681028592
681028603
681028622
681028642
681028662
681028679
681028690
681028718
681028784
681028810
681028875
681028882
681028892
681028908
681028924
681028940
681028956
681028972
681029051
681029068
681029084
681029100
681029116
681029195
681029207
681029228
681029241
681029294
681029310
681029340
681029347
681029389
681037592
681037593
681037601
681037603
681037604
681037609
681037612
681037616
681037619
681037622
681037624
681037630
681037632
681037635
681037636
681037638
681037640
681037643
681037649
681037654
681037655
681037656
681037657
681037658
681037659
681037660
681037661
681037662
681037663
681037664
681037665
681037666
681037667
681037668
681037669
681037670
681037671
681037672
681037675
681037676
681037681
681037682
681037685
681037702
681037703
681037705
681037707
681037708
681037712
681037716
681037732
681037736
681037737
681037738
681037741
681037744
681037751
681037756
681037762
681037763
681037764
681037765
681037766
681037767
681037768
681037769
681037770
681037771
681037772
681037773
681037775
681037779
681037781
681037786
681037794
681037799
681037812
681037825
681037826
681037829
681037834
681037844
681037845
681037858
681037860
681037883
681037884
681037891
681037896
681037902
681037921
681037922
681037938
681037942
681037946
681037950
681037954
681037963
681037987
681037990
681037993
681037998
681038002
681038007
681038010
681038012
681038018
681038020
681038025
681038028
681038032
681038034
681038036
681038037
681038047
681038062
681038084
681038096
681038100
681038106
681038110
681038122
681038132
681038141
681038154
681038160
681038163
681038179
681038186
681038191
681038196
681038201
681038214
681038222
