680602795
680602796
680602797
680602798
680602799
680602800
680602803
680602805
680602806
680602807
680602808
680602809
680602810
680602811
680602812
680602813
680602814
680602815
680602816
680602824
680602832
680602833
680602837
680602840
680602845
680602846
680602847
680602848
680602849
680602850
680602851
680602852
680602853
680602854
680602856
680602866
680602874
680602889
680602890
680602904
680602906
680602907
680602908
680602909
680602910
680602911
680602912
680602913
680602914
680602915
680602924
680602925
680602936
680602937
680602959
680602977
680602982
680602984
680602990
680603020
680603024
680603025
680603031
680603032
680603033
680603034
680603035
680603036
680603037
680603038
680603039
680603040
680603041
680603042
680603056
680603059
680603063
680603064
680603065
680603076
680603079
680603093
680603099
680603117
680603124
680603127
680603137
680603138
680603144
680603145
680603146
680603147
680603148
680603149
680603150
680603151
680603153
680603154
680603155
680603156
680603157
680603158
680603160
680603174
680603175
680603176
680603180
680603185
680603197
680603198
680603210
680603229
680603235
680603254
680603258
680603264
680603268
680603269
680603270
680603271
680603273
680603276
680603278
680603282
680603284
680603285
680603286
680603287
680603288
680603289
680603290
680603291
680603292
